[OPEN] Tue Jul 31 15:15:58 2012
[VERSION] PSI46V2 Wafer Tester V7.2 (24.08.2010)
[ATB] BID=31 DTB V1.0 (03.07.2012 12:07) ID=00000001 TS=4FF28ECE
[stretchscan]
     |000000000000000000001111111111111111111111111111111111111111111111111111111111111111111111111111111111111111111111111111222222222222222222222222222222222222222222222222222222222222
     |888888888899999999990000000000111111111122222222223333333333444444444455555555556666666666777777777788888888889999999999000000000011111111112222222222333333333344444444445555555555
     |012345678901234567890123456789012345678901234567890123456789012345678901234567890123456789012345678901234567890123456789012345678901234567890123456789012345678901234567890123456789
-----+------------------------------------------------------------------------------------------------------------------------------------------------------------------------------------
    0|55 55555 555 55 5  5555 555 55 55555 55555555 5555555  55 5 55 55 5  555555555 55555555555555  555   55  55555555  55555 555555555555555 55 55 555  5555555555  555555555 555555555 
   10|555555555 55555 5  555 555555555555555555 55555555 55 5 555555 5 55  55 55 555555555 555555555 5 55 5555555 55555555 55 55555 5 555555 55555  5555 555 55555 555   5 5.... 555555555
   20|555555 5 5  555   555555 55555 5555555 5 5555555555555555555 5 55555 555555   555555555555 5555555555 5  555555 555  555  555 55555555555555555 5 555  55555555.. ? ?...3. 55 5555 5
   30|555555555   5555555555 55555  55555 555  55 55555 555555555  55555 555555 555555555555555  555 55555 555 55555 55 55  5 55555 555555  5555 55 .... ... . ...... ..?.  3 3.55 55 5555
   40|5 5  555 555555555  555555555 55 55555555555 55  555555 5 5 55555555555 555  5 555    55555555 555  5 55555555 5 555 55 55 55 5555555.....  ......... ... ....3. 3?3?3333.555 555   
   50|5 5555555 555 555    555 5 555555 5  555   55555555 55555 555 55555555555  55555555  55555 55555555555555 5  5555 55 5 55555.....  .... .. ...... 3.... ..3.3.3333?3?33 3.5555 55555
   60|5555555 5555555 555 5 5  55 5 5 5555555 5555 5555555 55555 555555 5 5 55555555555  5555  55 555555 555 55  55555555555.... ....... .....  ..3... . .3.3.533  3 33 ?3?33 3 555 555555
   70|55555555555555555 5555555555 55555555555555 55555 555555 5 5 5555  5 55555 555 5555 555 5555 5555 5 55  5555555.5.. ........ ....... .5. 3.. .  33. 333 3..33 3333?3?3  3.5 55555 55
   80|5555 555 55 555 55 5 55  555555 555 55555 5555 55555555 5 55555  5555555 5 55  5555  5555555 55 55555555  55 ..  ..... ..... ......3..3 .3 3.53.333333.33333 33333?3?33  .55 5555555
   90|555555 555  55555555555555555  555555555 55 55555 5  55555 5  55  55555 5 5 555555555555555 55555555    55 5.. ..... .. . .......5..3  .3333 .333333.3 333 3 33333 3?3333.55 5555 55
  100|55555555555555555  555 555 555555555555555555 5555 55 555555555555555555555555 555555 55 55555555555 555 5 .. .... ... ...  ......3. .. .5.3.333 33.5 3 3333 33333? ?3333.5   5555 5
  110| 55555555555 55 55555 55 55555 555 5 55 5  555555555555555555 555555555 5555555555 5555 555 55 55 55555   . ....... ... ..... .5..3 .5.3.55.3333333.333333333 33 3? ? 333.5555 55555
  120| 55555555555  555555  55 555555555555  5555555 5 5555 555 55 55 55 55555 5555 55 5555 5555 55  555555 5 55....... .............  3......3.5.553333 33 3333  333333 3?3333. 555 55555
  130|555555 555 555555  55  555 5   555555555555 5  5555555  5555555555555  5555555555 555 555555555 555 555 .5.............. . .... 3. ...3.33 3333333.53  33  33 3333?3?3333.55555 55 5
  140|5555 55555 555555  55  555555555 5  5 555555 5 5 5555 55 5555555 5555555555555 555555555  5 5555 555555..... ....... ........  .....5.3 33.33333 3.333333 33 33333?3 33 3. 555 5 555
  150|555555 5555555 5 555555555 555  5555555 55555555 5555555555 555 5  5 55 5 5  5555555555 55 55 555 5555  ... ....... ....... ..3. 3 .3  .  .5333333.33 33333333  33?3?  33.5555555555
  160|55555  55555  55 5555555 5 5 5555  555 55 5 5555555555555 55 55 5 5 55555 55555 55555 555555 55 55 5 555.. ..  ...... .. ... .5..3. 3.5 33.33 33333 3 3 3333 33333?3  333.5555555555
  170|5555   55 555 5  55 5 5 55   5555555555  555555555555555 55555 55 55555 55 55555 555555555 55555555555  ....... ..  . ....... 3.. ..3.3. 3.333333  .33  33333333 3?3? 3 3.5555555555
  180|55555 555555 55555555555   555555 55  555555555 55 555555555555555555555555555 5 555 555  5555 5555 555 . .. .  . ....  ... . 3.....3.5.5 ..33 3333.33333333333333? ?3 33. 5555 5555
  190|555555  5 5555  5 5 55555 55 55 5555   5 5555 555 5 5555  55  5 555555 5   5555555 55 55555   55 5555555  ..  . ....  . . .. .3. 3  3.5.33. 33 3333.33  33 3333333?3?3 33.5555555555
  200|555555 555555 5 55555 55 55555 555 5555555 555555 5555 5 5555555555555 55 5555555 5555555 5  5 555 5555 .. .. ... . ... ......3 .3.3 .3.33333333333.3 333 33333 33?3? 333.5555555555
  210|55555  5 5  55555 555 5555 5  5555555 555 55555555 555555555 5555555555555  5 55555 5 5555555 5555 5 55...... ......... . ....3..5.   .. 3.533 3  3.5333 333333333?3?3 33 555555555 
  220|55555555555555555555  55 555555  5555 555555 55 55555 5555 555 55 5555555  5555555555 5  555555555555 555... ..  ..... . .....  .. 33.3.3.3.3333333.33 33333333333? ?333 .5 55555555
  230|55555555555555555 555555555 55 555   55 5 555  555555555555 5 5 555 5555      55 5 5   55 5   55 5     55.......  ..... ......5.. .5. ..3.333 3333 . 333 3 3333333?3?  33.5555555555
  240| 555  555555   555 5 55 5555 55 55555 5555555 5 555555 555555555555555 55 555555 555 5 55555555555555555. ................. ...33...3.3.55333333 33 33 33 33333333? ?3333 5 555555 5
  250| 555555555555555 5555 5 555555555555 5 5 5  5 555 55555555555555555555555 555 55 55555555 55 55555555 55 ......   ...... .. . .3...33.5 33..5333333.33333333333333?3?3333.555555555 
  260|55  555 5 55 5  55555555 555 55 55 555555 555 5555 5555  55  5 55 55555 555   5 55 555  555 555555555555. ........ ..... ..  .....33. 333.3.5 333333333 33 3333333?  33 3 555555 555
  270| 55 5 55555555 55555 555 55555555 555  55 5 55  55 55555 5555  555555 555555  5 55555555 55 55 555555 5  .... .......    . . .. ..33 3.3333 333 333. 33333 3333333?3?3333.5555555555
  280|555 555555555555555  55555 5 5 5555 55555555555555 5 55  55 55555555 5555555555555555 55555555 55 55 555. .  ........ ..........3.   3  . 3.3333333 3 333333333333?3?33 3.55 55555 5
  290|5555555555555 55555 555  555 5  5 5 5 555555  5 5555  55  5555 55  5555555555555555555  5  5555555 55555. ..... . ...... ......3...5.3.5333. 333333333333333333333 3?3333.55555555  
  300|5555555  55 555555 555555555555555  5 55  5555555  5555 55 5555 555 55 555555 555555555555  55555 55 5 5 ..... ... ...........  ...  3.  3 .  333   .333333333333 ?  3  3. 5 555 555
  310| 55 555 5555  5 5  5 5555555555555 5555 5555555 5555  555 5555555 55555555   5 5555555555 55  55 5 555 5 . .....  ... .. .... .....3....33..3333333..333333333333 ?3 3333.555555 555
  320| 5555555555555555 5 5 55555555 555   555555555  5555555 555 5  5555 555  55 5 5 55 55 555 5555 555555  5. .......... ........ .3. .3.   3  .333333333 333  33 33 3?3?3333.555 5 5555
  330|   555555555 55 5555 5555 5555555555555555 5555555 5 5555555 5555 55  55 5555 55555555555555 555 5 55 55. .... .....  .........3...3.3 3.33 3333333 .  33 333 3333?3?3 33  5 555  5 
  340|55 55555 555   555555555 5 5 55 55 5 55555555 555 5 55555555 5   5555 55  5   5 55555555 5  555 5  5 555 ....  ......... . ........  3   33.333333 3..5  3 333333 ? ?33 3.555 555555
  350|55555 5555 55 55555555555555 55 5555555 5555 5555555 5  55555 5555555 555 5 55555 55555 5 5 555555555555 ... . . ........  ....3  .5.3.3 33.333333 33.33  333333 3? ?33  .555 55 555
  360|55 555555555555555  555 55555555  55555555 5555 5555555555 55 5555555555 5 55555 555555 55 555 5555  5 5 ... ..  ...... .. . .. ...5.5.5 .5 333333333. 3 3333 3333?3 3  3.555   5555
  370|55 555 555 555555  555 55555555  55  555555 55 5555  5 5555555 555555 55 555 555 555555 555 555 55555555 ............ ... . ...3.. ..5.3.33.3 333 33. .. 3333333 3?3?33 3 5 5555555 
  380|  55  555555 55555555  5 5 55  55555555 55555555555555555555 5555555 555555 5555 5 555555555555555 55 55..... ....... .. ......3..3. 3.3. 3.33 3333333. 3  3333333?3?3 33.55 5555555
  390|55555555555 55555555555 55 5555 5555555 55555555  55 5555555555    5555555 555555 5 555555 555   55 5555.  . ....... .....  .. 3..5..3.3.53 3 33333333.33333333333  ?3 33 5 5555 555
  400|5 555555555555555555 55  5555555555  55555 55555555 55555 55555555 55555 5 5 55 5555 55555 55 555 555 5  ....... .. ......... . .. ..5.3 33.3 3 33 333333 3 333333?3?3333.5555555555
[stretchscan]
     |000000000000000000001111111111111111111111111111111111111111111111111111111111111111111111111111111111111111111111111111222222222222222222222222222222222222222222222222222222222222
     |888888888899999999990000000000111111111122222222223333333333444444444455555555556666666666777777777788888888889999999999000000000011111111112222222222333333333344444444445555555555
     |012345678901234567890123456789012345678901234567890123456789012345678901234567890123456789012345678901234567890123456789012345678901234567890123456789012345678901234567890123456789
-----+------------------------------------------------------------------------------------------------------------------------------------------------------------------------------------
    0| 44   55444 44444445445444 4 55 44444 445444 5 4 554445444454444444444544444444444 454 45 44 544444444 455   444444 4 54444445 4 44 4 544 4444454444  5 544 45554  44444 4 44544544 
   10|4454544444 5 44   44 4  4 4 444444544  4544444 444444444444 44   4455 54544 44 54 4444 45454444 454454 44 54  5 5 55555455555 55 4454444 4 44 44555555  5 55555 55?5?5 5 45 5544  44
   20| 4554545444444444545445444 44  444454444544  4 4 454 5 4  444445  444 4444  44 54444455444 4  4 55555 5 55 555555555555555555555  444444 555555 5 544445 455 55  5  ?5...45 55 4 44 
   30|4 44  4454  445  4444  54  44454 4444444 4  4 44444454444454444 544444445444 454544555555555  5555 55555 5  555 4444  445 55555 444455    555 55 555 5.. 44   45. ?4?.... 55 5545444
   40|4  455555 4 4 44444544 44454444   4444 44445445444 4445554 5 5 5555555   555 555555 454444 4 54555 555 5 544 54 4  55  45444455554544 5 ...45. 4 ...44..4 ..  ....?.? . .  55544454 
   50| 444445444  454445444444444 4455 554 45455544555  555   555555555  5 55 555555 44 4 4544555 5 544455 555444445555555..4455..4 ...4.. 4 ..... ...... ........  ....? ?.....55554  444
   60|444 4444454444444545454 44 4454 555 55555 555555  555 5 555545455444445555 554445455555455545555 5 .5445. 4 ...4 ..4.. .. ...  .... ... ... .....   . ...... .....?.?.44.455  454445
   70|44 4444  44444 5 4555 545 555555555555555 5 5555555444   44455555  544455555555  555555555..  5 .445...4  ...  ...... ... . ........ ............. ..............4?.?.4444555 4445 5
   80|4455445554455 55  5555555 555 55555 55 54444 4455555555555 4555 555555555 55555 .4455. 4 ...4... ...............  .........    . ..... . . . ......  ... ...5...4.?4  44 455 54 4444
   90|45 55555555 55 555555 5 555 5  544444 5445 55555444545 55 5 5 5555 55  45554455.. 4... .  .. . ......  ......... .. ... ... ..... ... .....    .4 ...4 . 444.4 .44?4?44 44555 4 4445
  100|55555  5 55555 55 554 4444455545 555  45 555  5555555 55 5...445..45. .4... 4....... ... ...   .  ..... ................... ... ......4....4..4.   4.4..  4444 44 ?4 444445555 4 455
  110|55555554  444 4545555555444454555 5555 5555555..4 554455...4...4.... . ......... .............  ........   . ... . .... ..... 4 .4 .4. 4.4. 44.  .4444444444 44444?4 44 44 555444 44
  120|4 45454545 55   44 454445555 455555555. 455455 ...4.. .4  .. ...... . ....  .... . .. .  .. .... ..... . .... .. ...  4 4 .4..4....4 4.5 4  444..44 4444444444444  4? 4444555 44 444
  130|5555  55 545 5455555 5555555555.4 45   4.45... 4. ....... . . ..... ........ ......  ...... .. ..... ..........4.4 .5.. 44.5 4  4.4 4 4. 444 4 44444444 4  4 4 4 4  ?444 455 5 4455 
  140|55544 555555 55  55555555.555 544   ..5...4 ..4...... .  . ..... ..... . ........... ... . . .......  ..4 ....44.4 ..44.4.4 4444444 44444 4 444 4 44 444444 4 4444?4?4 44455 554 444
  150|4445555 555555555555   .455.45 ...4 ...... .   ...... .................. .... ..........  ..........44 . ...4..44 4444.4.. 4444. 444444444 444444 444 4444444444   4?44444555 544544
  160|45545 5  55 5555555..4. 4.4454..4..4...4 . ........... .. ..... ...... ..... ............ .. .....44... 4.. ...4..4.44 44 44. 4 44444 44 444 4 44 4 444 4444444444?4?44444 5 54 5 44
  170| 4   55555555555555 4. 45555. . . .4.  ........ ........ .... ............... ........ .... ..  .4 ... ....  .44  .44 4444  44444 44 4 4 4444444444 44444  4  4444?4?4444455 5444454
  180|545  5 55555555 55 4.4 .44....... ...  .... . .. ........... ....... . ......  .... .... ...... 44.5.4. .44. 4..444. 4 4 4  444 444 44444444444444  44444 44444444?4 4 4445555445444
  190| 5555 5555 555 ..4555..45..5.4 ..4.. . . .... ..... ........... ........ ... ..........  ............4.4 . . . 44 44  444..4444 44444 44 4 44 44 4 4444444444 4444  ?4 44 5 55544444
  200|4  5545  55 5 55.45 54445.4.5....4. 4. ...... ......... ...  ..   ..... ...... .... ...........4 .4.. . 4.444.4.. .4   44.4444444444  444444444444444 4444  444444?4?4444455554  5 4
  210| 55 55 55555 55.54455 45... ..... ....    . .. .. .. ... . .... ..... ........ . ......... .... .44 .4... ..4.4..4  4444.444 444444 4444444444 4 44 4 444444  4444?4?444445 5545  44
  220|5 5555 55  555... 4 .4 45 ..4.. 4.. ......... .......   . ...... . .. ..... ........... .... ..4..4..4.4.4444.5.44.44444.44444444444 444 444444  4444444   44  4 4? ?44444  5544454 
  230|55555 55555555.54  . . 4  ... ... ... .............   ............. ....  .... . ... .. .... . ..... 4 .5 4 444. 4 444 4444444444444444 44444444 44  444444 44 444?4 44 4  55545 444
  240|55 55555555555554 4554455 .....4.... ......  ................. .. ... ................. .   ...4....4 .444.4 44.54 4 44444 4444 44  4 4  4 444 4 44 444444 44 4444? ?4 44455 544 544
  250|555 5 555555555. 445.44 5...4......... . . ... ....... .............. . ... ..... ... ........   .4  ...4.4   4.54.444444.4 4  4 4 444444444  4444 44 44444444  44?4?44 4455 5444444
  260|55555 55 5555 5.5.454. 4..544...4.   ..... ................ .......... . .... ............... ...4..  444.4444 . 4.4444 4444444444 4444 4444444444444444444444444   ?44444555544  44
  270|5555555555555 5.54 5.545. .4.. ......  ........... ... .. ... . ........ ......  .. .... ..   ....4..  .54.. 44 44 44 44. 44444 4444 4 44  44 44444444 44444444  4?4 44 445555 44544
  280| 5  54555  5 55.4 5  54.5 . 4. 44. .............. .  .... .. . . ... .  . .. .............. ..4...4 .444 4  .44 44.54 4 .. 4444 444 44444444444  44444 44 4 444444?4?4444  555444 44
  290|5 5  5  555555 . 445..54..544.................... .....  . ... ..  .... ..... ....... ..... .  ...4.. 44 ..4.  .44.444444444 44 44 44  4 4444444 44444444444  4444 4?444 45555 44454
  300|55 555555555555.5..5555554  . .44 ....   .... . ...... .... ........... ............ .........44.44. 4.4 .4.444.44.444 44.444444444444 444444444 44 44444 44444 44?4?44444  55 44 5 
  310|555 555   55555.54.4 44 .. .  4........  ........ .. .. ........... .......... .... .. ...    . ..4..44. .44.44.4..44 4  4444444 44444444 444 4 4444444  444444444?4?44444 5554 4444
  320|5  5455555555 5.54 55.  4 .... ...4.. ........... .... ....  . .............. ... .......  ..   ..5..44 ..44  4. 4. 4  44.4 44444 444444444 4444 444 4  4444444 44?4 44444  5 44445 
  330|55555 5 5 55555... 54554545.45... .. .......... .. ... ........... . ...... . .... ..... .. ..4.. . .444.4.  4.4 4. 44444 44444 4444444 4 44444444 44 444444 44444?4? 4444  55444444
  340|55554  555555  5.....54.. 5.....4.4.. ................. ...... ..  ... .. .... .......... ...5  ..  .. 44 444 4 4 44.44 4  44444444444 4444 44 444 44 44444 4444 4  ?44 445 55444454
  350|55  5    5555 5..555 5 . 4.5......4. . ..... .. ................  .... .... .... .. ....  . ..44.. ...544 4  44.4 444   4 444  4 44444 444.44444444 44 44 444444 4?4?44 44 555 4444 
  360|55 5555 555555...445444...4....4  4...... . ........ ...... ... .....   ...... ....... ......44 . 4.    4  444..444 4 4444444444444 44 44 444 44444 4444444 444444?4?4444455 544 44 
  370| 5 44545555555 5 4. 4. 5445 ... .  4.... ...... ................ ..... ....... ...... . .....  4..4.4.4..  4.  .44444 4444.4 4444 444444 44 4444 44 4444444 444444?4?44  455 5444  4
  380|55555 45 55 5 . . 54555. .  4  ....4..  . ........ . ....... ......  ....  ......... .................4..444 4.44444  44444444 4  44444444444444 444  44 44444444 ? ?444445555454444
  390|  55 5554 55  5  ..45.45 .5. .... 4. ..... . ........ .. .... . .. .. ....... . ..........  ...4...4...4. .444..4 44  44  444444  4444 444444 44444444 4444 44 444 4?4 4 45555445554
  400|5555 55555 5  55.5.5455.4 54...  ................. .. ...... ......  ..  ..  ... ......... . ..4 .  . 4.  .54 44444 4  444  444444444 4444 44 44444444 44444444 44 4?44 4455554444  
[stretchscan]
     |000000000000000000001111111111111111111111111111111111111111111111111111111111111111111111111111111111111111111111111111222222222222222222222222222222222222222222222222222222222222
     |888888888899999999990000000000111111111122222222223333333333444444444455555555556666666666777777777788888888889999999999000000000011111111112222222222333333333344444444445555555555
     |012345678901234567890123456789012345678901234567890123456789012345678901234567890123456789012345678901234567890123456789012345678901234567890123456789012345678901234567890123456789
-----+------------------------------------------------------------------------------------------------------------------------------------------------------------------------------------
    0| 55 5  5555555 5555555555555555555 5555 55 5555 5   555 55555555 55555555555555 55555555 5555555555555 5 55555 55555  5 5 555555555555555  55  5 5555555 5  5 555 55555  555 5555555
   10|55 5555 555555555 5 55  55 55555 55 5 5 555 55 5555555555  555555555  55555 5555555 5 555555555555555555 55555   55555 5  55555555555 555555555 5 555 555555 55555?5 55.. 55555 5 55
   20|555 555555 55 55555555555555 55555 5555  5555555 5  5 5555555  5555 5555555555555  5555  5 5555 55555555555   555555555 55555555555  55 55 555 55555555 555555 555?. ....45555555 55
   30| 555 555    555 5555 55555555555555 555 555  5  5555555 5 55 55  5 5555555 555555 5   555555555 5555 555 555555555555555555555555555555 5  5555. 555  5... .. ....?.?. .3 55555   55
   40|5 555 5 55   5  5555 5 555 5555 555 5555555  55 5555555 5 55 55555555555555 5555555  55555 5 5 555 5 555555555 5555 55555 5 5 55.. 555.5 .. ............  .... ...?.?3333455555555 5
   50|5555 55 55555 5555 5 5  55 555 55555 55555  5555 555 55555555 55 555555555 5555  5555555 55555555555 555555 555 555 .555..5 ..... .........  ..   ...... . .5...3 ?   3 34555 555555
   60|5  55555555555 555555 555 5555 55555 555 555555 55 5555555 555555 5 555 5 55555555 5 555555 55555555555 555.5...  . ........ . ......  . ... .. .5...3..  .3 3 .  ?3? .53.555 555555
   70|5 55  55555 555 55555555 5 5555    555 555 555555 5555555555  5555 55   5555555 5555 5555555 555.5. 5.5 5... .. .........  .. ............5 3... 33 3 33.53 33 333?3? 333.555 555555
   80|5555 5 5 5555555555 555555555 55 5  55 5 55555 555555 5 55  55555  55555 5555555555 55 55..55 ..5...  .............. . ..........   ...33.3.5 .33.333..33 33333333? ?3333.555 555555
   90|55555555 55 5  5  555  55555555 5555555555555 5555555 55 5555555 5 5  555 55 5555 5..555. 55 ..... ..... ......   .  ...  . .3.3...333. .5..33.33333 3 33 3 33 333?3? 333.  555   55
  100|  5555  555555555  5 5 55555555555 5 555555     5 55 555 555  5555555555555  55..5555..5...... .......................   33 .     3 . 3  33333333 3333333   3 33  ?3 333 .55  5555 5
  110|5 55 5555555555 555555555 5 555 55555555 55555555 5 55  5555555555 5 555 5 55..555..5 ...... ......  ... ........... ..  .5 .33.3 3333  33 3 3333333 33  333 33333?3?333 .555555 555
  120| 5 555555 5 5555 5555 55 5555555555 55 5 55555 555555  5 55 555  55555 555 ...55 .5......  . ......  .....  .... ....3....3. .33.33.333.3333333 3  3 3333  33333 3?3?3 33. 555555555
  130|55555555 55555555 55  55555555555555 55 555 55 55 5555 555555555 555555555 . 55. 5 .. ...... ......... . ........... .. .. 3333333. 33.3333333333 3333333333 3   3?3?3333 5 5555 55 
  140|5 55555 5555 5555 55555 555 555555555 5  5 555555555 555555  55  555  5555.. 5..55 ... ............ .......... .   ... .  5 33.33.533333333333  3333333 333333 3 3?3?333 .555 5 55 5
  150| 555555555  55555 55  5555 55555 5555555555555 555555 5 55555555  55555 5.  55.. .. ........ .... .. ........... .. ..  3.3.53333.333. 33 333333 3333333 333333 3 ?3 3333.55 5555555
  160|555555555555 5555 55 5 5 555555  555 555555555555 55 555 5 55555555555555..555. 5..... .. ...  ..... .....   .....3 ....333.33 3.5333.333 33  3 3333 33333333333 3?3?3333.5555555  5
  170|5 5  555555555555  5555555555555 55 5 5    5555555    5 5555 555555555. 5. 55  .... . .. ............ ...... .....33.. .5 .33.3 ..333  33333333333 3  333333333333?3? 333. 5 55   5 
  180|5555555555 555 555 555555555555555555555555  55555555 55  55555555  55555..55. 5..... ... ..... . ..... .. ... ...........   .33. 333.333 3 33 33333.33 333333 333 3?33 3.5 5  55555
  190|5555 555555555 555 5 5 5 5 555 555555 555555 55555555555555  5 5 555   5.. 5  .55. .......  .... ...... ...... ....5...3.33...3333  .3333333333333333 3 333333 333?3?3333.5555555555
  200|5555555 5555555555555 5 555 5 55555555555 5555555555 5555555 555 555555.5555  .......... .... ...... . .... ....3... .3.. 3. .3. 33333333 333 333333333333333  333?3?3 33.55555  555
  210|555555 5555 5 55  55 5 55555 555 55555555 55 555  55555 555   555 55555555555.5. ........ ........  .    ........  3..33..333. .3  3 3333333  33 333333333333 3333?3?333      55 555
  220|  55   555 5555 55 55 55 5  555  555  55 5555 5  5 555555555555555555  .5555 .......................  .... ... .. ..3. 3. .33.3 333 333333333    333 3333333 3  33  ?3333.5555555555
  230|55 55  555555 555 5555555555555555 5555555  55555 55555555555555  5 555 5  55........... ........... ..    ..  ... . .533.3.5.3..33333333333 33333  333   33  3333?3?3 33.5 5555 555
  240|55555555 55 5 55 5 5555  55   555 5555 5555555 5 5 5 55 5555 5 55555 555.555555.5....... ... ......... ...  .. ...3 3.3. 3333.    .33333333 333.333333 33333333333?3?3 3 .5555555 55
  250|5555555  55  555 55555555 5555555555 5555555555555555555555 55 5 555555555.5....  .... ........... .... ....  . 3..   ..3 ..3..333..3 333 33  3333 333333333 3  33 3? 3 3.5555555555
  260| 55 55 5 5555 555 555555  5 5555 555 55 5555555 55 55 5 555555 555555555..5 .5. 5  .. . ............. . ..........3.. ..3 3 3333.3.5 333333333  33 33  .5333333333?3?333 .55555 5555
  270|5555555555  55 5 555555555555 5 5 5 55555555555555 5 55 555555  55555.5.5..55   .....     .... ..  . .  .. ...... ..  .. .5. 3.3333 3 .33 3 3 3333 3333  333 3333 ?3  3 3.55 5555555
  280|55555 55 5 555555 55555555 555 5555 5 5  555555555555 55 55 5 55555555 5 .5 5..55...  ........ . . .. . . . ... . ..3...333.533 333  333 33333333333333 33 3333 33 3  3 3.5 5 55 555
  290|55 55 5  55555555555555555 55555555555   555 5555 55 555555555555555555.. .5. . ..... .. ....... ............. ... .....3.3.5.5533.3  3333  33333333333.33333 3333?3?3 3  55555555 5
  300|5 5555555555555555 55555555555555555555555555 55 5 55555 555555555555 5. .. .55........ .   ............ . ..    ...5..5 ...3.3.333.5 3 3 33 33 3  . 3333 3 3 3333 3?3333  5 5 55555
  310| 5 55 5  5 555 555 5 5 55  5 5 555555 55555555 55  55 5555555555 5555.55.5.55... ....... ...... ... . ..  .. ... ... ..33 3333..3 3 333 3333333333333333  333 3333?3 33 3.55 5 55555
  320| 5555 5555555 55555555 555555 55555 5  5   5 555 5555555555 55 5 555555.5  5  5  ............ .. ....  ....... .5 3.33..33..3.. ...33333 333333  333333.3333333 33 3? 333. 5555 555 
  330|555555555555555 555555 555555 5555555 55 55  5555 5555555555 555 5 555 55.5 5.... .. .. .............  ........ .. .3   3  33.3333333 333 33 3 3333 33 33 33 3 3   3?33 3 55 5 5 555
  340|5 555555 5555555555555555555  55 55 5555 55555 5 5  555555 5 5 555555. . 5.5..5... .  ..... .. . . .. ....... .... 3... ..3 3.53 ..333.33 333 3333.3333  33 3 3 33?3?333 .555 555555
  350|555555 5555 555555  5 55555 55555 5555 555 5555555 5 5555  55 555555 5. ..5 5 ........... ...... .. .... ... ...... 3..33...  ..3333 3333333 333 33.3333 33 3 3333?3?333 .5 55555555
  360| 5 5555555555   55555  555 55  5 5555555555555555555555555555 555555   55 55555 . ... ....... ... ...... .......3   .3.3. 3.3. 3333 3.3 333 3333333 333 333    33 ?3 3333.55 555555 
  370|555 5 55555555  555555555 555 5  55 55  555555555 5 555 5 555 555 55555.  555.... .... ........... . ..   ......3..5...... .3.333333333  3  3 33333333 3333333  33?3?3333.55555 5555
  380|555 555 5 555555555555 5 5 5555555555555555 55   55555 55 555555555 5  55 .5 ................  . .....  ....  ..3..333..3.5.3. ..533333333 3333333333333 333   333?3?3333.55 5555555
  390|55 5555555555 555 5 555 55555555555555 555555555  5  55  5555 5555555555.5 .. 5... ........ ... ... .......... ....... .3.333.3333. 3 33333 3333 33  333333333 3 3?  3333 5555  5555
  400|55 5 5 5555555555 5    5555 55  5555555 5 555  55555 5555555 55 5555 55. 5.5.  . .......... . .... .. ....... ..3.  3... .3.3..  3 333333333333333333333333 333333?3?3333.555  5 555
[CLOSE] Tue Jul 31 15:18:32 2012
